Y0=1.4
phi1=0.16428
Phi1=0.68743
theta1=-0.01602
Theta1=0.05889
sigma=0.47687
Yd=0.00723, 0.01762, -0.01768, 0.00814, -0.00925, -0.01074, 0.00563
Yh=-0.10155, -0.02691, -0.06633, -0.04194, 0.10463, 0.05717, 0.17041, 0.04501, -0.08065, -0.01920, -0.10155, -0.02691, -0.06633, -0.04194, 0.10463, 0.05717, 0.17041, 0.04501, -0.08065, -0.01920, -0.10155, -0.02691, -0.06633, -0.04194
lambda=0
gamma=0.5
